1	1
10	100
11	1001
100	10000
101	11001
110	100100
111	110001
1000	1000000
1001	1010001
1010	1100100
1011	1111001
1100	10010000
1101	10101001
1110	11000100
1111	11100001
10000	100000000
10001	100100001
10010	101000100
10011	101101001
10100	110010000
10101	110111001
10110	111100100
10111	1000010001
11000	1001000000
11001	1001110001
11010	1010100100
11011	1011011001
11100	1100010000
11101	1101001001
11110	1110000100
11111	1111000001
100000	10000000000
100001	10001000001
100010	10010000100
100011	10011001001
100100	10100010000
100101	10101011001
100110	10110100100
100111	10111110001
101000	11001000000
101001	11010010001
101010	11011100100
101011	11100111001
101100	11110010000
101101	11111101001
101110	100001000100
101111	100010100001
110000	100100000000
110001	100101100001
110010	100111000100
110011	101000101001
110100	101010010000
110101	101011111001
110110	101101100100
110111	101111010001
111000	110001000000
111001	110010110001
111010	110100100100
111011	110110011001
111100	111000010000
111101	111010001001
111110	111100000100
111111	111110000001
1000000	1000000000000
1000001	1000010000001
1000010	1000100000100
1000011	1000110001001
1000100	1001000010000
1000101	1001010011001
1000110	1001100100100
1000111	1001110110001
1001000	1010001000000
1001001	1010011010001
1001010	1010101100100
1001011	1010111111001
1001100	1011010010000
1001101	1011100101001
1001110	1011111000100
1001111	1100001100001
1010000	1100100000000
1010001	1100110100001
1010010	1101001000100
1010011	1101011101001
1010100	1101110010000
1010101	1110000111001
1010110	1110011100100
1010111	1110110010001
1011000	1111001000000
1011001	1111011110001
1011010	1111110100100
1011011	10000001011001
1011100	10000100010000
1011101	10000111001001
1011110	10001010000100
1011111	10001101000001
1100000	10010000000000
1100001	10010011000001
1100010	10010110000100
1100011	10011001001001
1100100	10011100010000
1100101	10011111011001
1100110	10100010100100
1100111	10100101110001
1101000	10101001000000
1101001	10101100010001
1101010	10101111100100
1101011	10110010111001
1101100	10110110010000
1101101	10111001101001
1101110	10111101000100
1101111	11000000100001
1110000	11000100000000
1110001	11000111100001
1110010	11001011000100
1110011	11001110101001
1110100	11010010010000
1110101	11010101111001
1110110	11011001100100
1110111	11011101010001
1111000	11100001000000
1111001	11100100110001
1111010	11101000100100
1111011	11101100011001
1111100	11110000010000
1111101	11110100001001
1111110	11111000000100
1111111	11111100000001
10000000	100000000000000
10000001	100000100000001
10000010	100001000000100
10000011	100001100001001
10000100	100010000010000
10000101	100010100011001
10000110	100011000100100
10000111	100011100110001
10001000	100100001000000
10001001	100100101010001
10001010	100101001100100
10001011	100101101111001
10001100	100110010010000
10001101	100110110101001
10001110	100111011000100
10001111	100111111100001
10010000	101000100000000
10010001	101001000100001
10010010	101001101000100
10010011	101010001101001
10010100	101010110010000
10010101	101011010111001
10010110	101011111100100
10010111	101100100010001
10011000	101101001000000
10011001	101101101110001
10011010	101110010100100
10011011	101110111011001
10011100	101111100010000
10011101	110000001001001
10011110	110000110000100
10011111	110001011000001
10100000	110010000000000
10100001	110010101000001
10100010	110011010000100
10100011	110011111001001
10100100	110100100010000
10100101	110101001011001
10100110	110101110100100
10100111	110110011110001
10101000	110111001000000
10101001	110111110010001
10101010	111000011100100
10101011	111001000111001
10101100	111001110010000
10101101	111010011101001
10101110	111011001000100
10101111	111011110100001
10110000	111100100000000
10110001	111101001100001
10110010	111101111000100
10110011	111110100101001
10110100	111111010010000
10110101	111111111111001
10110110	1000000101100100
10110111	1000001011010001
10111000	1000010001000000
10111001	1000010110110001
10111010	1000011100100100
10111011	1000100010011001
10111100	1000101000010000
10111101	1000101110001001
10111110	1000110100000100
10111111	1000111010000001
11000000	1001000000000000
11000001	1001000110000001
11000010	1001001100000100
11000011	1001010010001001
11000100	1001011000010000
11000101	1001011110011001
11000110	1001100100100100
11000111	1001101010110001
11001000	1001110001000000
11001001	1001110111010001
11001010	1001111101100100
11001011	1010000011111001
11001100	1010001010010000
11001101	1010010000101001
11001110	1010010111000100
11001111	1010011101100001
11010000	1010100100000000
11010001	1010101010100001
11010010	1010110001000100
11010011	1010110111101001
11010100	1010111110010000
11010101	1011000100111001
11010110	1011001011100100
11010111	1011010010010001
11011000	1011011001000000
11011001	1011011111110001
11011010	1011100110100100
11011011	1011101101011001
11011100	1011110100010000
11011101	1011111011001001
11011110	1100000010000100
11011111	1100001001000001
11100000	1100010000000000
11100001	1100010111000001
11100010	1100011110000100
11100011	1100100101001001
11100100	1100101100010000
11100101	1100110011011001
11100110	1100111010100100
11100111	1101000001110001
11101000	1101001001000000
11101001	1101010000010001
11101010	1101010111100100
11101011	1101011110111001
11101100	1101100110010000
11101101	1101101101101001
11101110	1101110101000100
11101111	1101111100100001
11110000	1110000100000000
11110001	1110001011100001
11110010	1110010011000100
11110011	1110011010101001
11110100	1110100010010000
11110101	1110101001111001
11110110	1110110001100100
11110111	1110111001010001
11111000	1111000001000000
11111001	1111001000110001
11111010	1111010000100100
11111011	1111011000011001
11111100	1111100000010000
11111101	1111101000001001
11111110	1111110000000100
11111111	1111111000000001
100000000	10000000000000000
100000001	10000001000000001
100000010	10000010000000100
100000011	10000011000001001
100000100	10000100000010000
100000101	10000101000011001
100000110	10000110000100100
100000111	10000111000110001
100001000	10001000001000000
100001001	10001001001010001
100001010	10001010001100100
100001011	10001011001111001
100001100	10001100010010000
100001101	10001101010101001
100001110	10001110011000100
100001111	10001111011100001
100010000	10010000100000000
100010001	10010001100100001
100010010	10010010101000100
100010011	10010011101101001
100010100	10010100110010000
100010101	10010101110111001
100010110	10010110111100100
100010111	10011000000010001
100011000	10011001001000000
100011001	10011010001110001
100011010	10011011010100100
100011011	10011100011011001
100011100	10011101100010000
100011101	10011110101001001
100011110	10011111110000100
100011111	10100000111000001
100100000	10100010000000000
100100001	10100011001000001
100100010	10100100010000100
100100011	10100101011001001
100100100	10100110100010000
100100101	10100111101011001
100100110	10101000110100100
100100111	10101001111110001
100101000	10101011001000000
100101001	10101100010010001
100101010	10101101011100100
100101011	10101110100111001
100101100	10101111110010000
